8 24 4
none elu elu
0.0 0.0 0.0 0.0 0.0 0.0 0.0 0.0 0.0 0.0 0.0 0.0 0.0 0.0 0.0 0.0 0.0 0.0 0.0 0.0 0.0 0.0 0.0 0.0
0.2111469047761525 -0.08765183978128996 -0.5546942489695406 0.19949491145907078 0.3221854395778047 -0.034472979836961584 -0.47744777240770186 -0.1342137680226321 0.049226418255458385 -0.1319577614413503 -0.19464523315094961 0.09395495999790021 -0.3528393449108584 -0.2517394547606227 0.19437279778688943 0.5028048984252171 0.628401211883781 0.1865101721891515 -0.07665749533835355 0.09510144563733405 0.6634758323770679 0.155327966206188 -0.2158664142004666 0.16116693114585612
-0.12120591462584843 0.07645806055341897 -0.031621074563895485 -0.0593696983562708 -0.4487814659164373 0.04698468741967092 -0.0354619098832194 0.23530119196296617 -0.33578698140741237 0.06705049378375864 0.7996098111001175 -0.37302887838627313 -0.07422410844161595 -0.18837123000062544 0.14196288126446283 -0.07242805348882121 -0.314706100989434 0.29498254400130464 -0.006450518183052317 -0.33288077205748223 -0.21524383735000213 0.035955663960356286 -0.0835772656835817 0.12200994663842382
0.2786235229729739 -0.4507249014200843 0.01830061587527141 0.23397766670947445 0.5310896688250315 0.11101387854373714 -0.0253487644544124 0.37363986113904657 0.26207968232903106 -0.04216283732835522 0.23555634414109158 -0.1125851373316325 0.005926610945225168 -0.25740394941551636 0.15813660080401257 0.09705536172910309 0.20859117640871833 0.07221092459420239 0.3157433994284503 0.42844537926709414 0.11542381562677595 -0.3432249415795888 -0.23381800699223365 0.23614510971583785
0.11248877278293824 0.011187572983863438 -0.7142742415554468 -0.002006070834385699 -0.1534989164979319 -0.3211420544235464 -0.39811322803138005 0.7260336182761111 -0.06449000999748682 -0.18905029218835498 -0.18364599648156194 0.10338200425787653 0.35903312433976164 0.2042151392100906 0.021349991657407967 0.4274933293523263 -0.057874856820329945 -0.1439138694129103 -0.433285909983293 0.25672348691775504 0.08129195379246228 0.051612519720635575 -0.39581052582684545 0.3681140536576819
0.2173165766432446 0.5702282581697724 0.23420692104146185 -0.2465987375576244 0.2944111770105037 0.23376512869252875 0.05491052980706695 -0.24303930160395631 -0.41253022639611475 -0.1807535093779618 0.2356615261915453 0.4765617832390958 0.22218671099050874 0.07800346206014949 -0.10354439031656401 -0.034342270141099654 -0.3076014296917832 0.04576247889844816 -0.4019639184842066 -0.35611788308811415 -0.0020620797924197193 -0.42172749991313485 -0.09069435408926851 0.16701563951867626
-0.5684572406029436 -0.26764422893864454 -0.136909542797427 -0.08171201415767052 -0.2674652347227255 -0.47720588375954875 0.025397740632154518 -0.7907298321579799 -0.24560520428575192 -0.1861197495536291 -0.00940011684220796 -0.18574744431921217 0.22098773934771831 -0.3619199580407161 -0.00933902720560625 -0.16742545128527447 0.2837555521464294 -0.046708849342906755 -0.30170230591766944 -0.14915869201664023 -0.03818968887096287 -0.3889652113348777 0.3931942737024672 -0.46793761647827903
-0.13728495194453683 0.19331802637860201 0.2005473580018738 0.15230364313546985 0.5759950697579813 -0.03921470746222937 0.21281812010846668 0.30917236370098 -0.09094515507512585 -0.031043164999727018 -0.24286406355894055 0.6424037987066482 -0.09922903246813036 0.22432823391415171 -0.21058219266702227 -0.08417992231845739 0.4016651095904038 -0.3858363806159673 0.5120406355920253 0.08974289946988015 0.30806709590002446 -0.11257691790924157 -0.060054019205373746 -0.06227368727931597
-0.5625986405551964 0.03400242135491812 -0.25612173250308684 -0.15814097323299253 0.24231729511278866 -0.033566585520866686 -0.48660299178716093 0.1995704331164686 0.21970986331448955 0.2546219527564862 0.10519160797802918 0.28672702750615836 0.2589279192622851 0.1992205997355974 0.2592291238177338 -0.06434989752203175 -0.14500109135506906 -0.29469718051331006 -0.4609353934469621 -0.19719533637231706 0.22947430202437016 -0.38543537719291143 0.19486701946325533 -0.0050807124758927725
0.005588954147732235 -0.1400831426600049 0.12666352670083975 -0.13294551404397648
0.04290290473626734 0.022768869542432568 0.1610466357562034 -0.4831536509230391
0.28088041105171535 0.08151779547970749 0.25841167145786836 -0.4626877334949251
0.2029801106343605 -0.0009263172867312721 -0.3186641554739659 -0.07733633179933397
0.08137925794240455 -0.10215806364219805 -0.2527941700981573 -0.1502755058389233
-0.029540119583573107 -0.3685736245811372 -0.2028174286719909 -0.030924114606291655
-0.16950844178218824 0.0790607125837211 0.15421566118928395 0.12203824839096851
-0.17555873726350796 -0.19965831957334346 -0.04960124337957352 0.12596946101054318
0.021084443887567902 0.14186569427429563 -0.06152934832178582 -0.2633718380305617
-0.11755034668405001 0.1970955620390485 0.04630655611846012 0.06173400392240465
-0.041241691290808305 -0.033432017808838775 -0.08838242635986557 0.16998675195746193
0.40962524654333693 -0.3635716978628396 0.044715747162182455 0.3132946342401485
-0.04850018136523084 0.021204280396018304 -0.21593384055573606 -0.02228205041405827
0.16327415297101014 -0.14484672270228185 -0.03814630456586821 -0.20485937953775268
-0.17619068023459766 -0.10351159357571248 -0.021304818118102177 -0.05110770636069585
-0.19787289184576917 0.12011265164781341 -0.044149853255503704 -0.18732664978971791
-0.13772603701346278 0.09402982084218194 0.20912794308535762 0.19889692645518484
0.07603226078535706 0.011169888143934126 -0.5622248144407915 0.04989353132004372
-0.11122250327742222 -0.1190233306657221 -0.057730635725742274 0.23869996505771146
-0.05022580250615813 0.22476998524630012 0.059943672611925694 0.12076857093002856
0.18380218269081738 0.16712528265620974 0.05894191736070906 0.030833771740398516
-0.230890791875355 -0.10174086214889443 0.008523554111813707 0.1583364314915212
-0.14320142821567125 -0.25151253066055834 -0.18137655296219035 -0.10744426019754526
-0.14718377989163722 -0.27293792864058686 -0.16790127185078266 -0.460004176999658
-0.14220849337555636 0.04351531435776374 0.49861890357796756 0.07536967076368968
